0.000000	70.438756
0.010000	129.890211
0.020000	126.842316
0.030000	102.010199
0.040000	109.980202
0.050000	106.384162
0.060000	112.785321
0.070000	106.749125
0.080000	104.072393
0.090000	104.856314
0.100000	107.692831
0.110000	107.246075
0.120000	107.042096
0.130000	108.814519
0.140000	106.918908
0.150000	104.338966
0.160000	107.147085
0.170000	103.589041
0.180000	105.660234
0.190000	105.276672
0.200000	109.270073
0.210000	107.299870
0.220000	107.257074
0.230000	108.346965
0.240000	108.644336
0.250000	106.954905
0.260000	105.338666
0.270000	105.241076
0.280000	105.197880
0.290000	105.575842
0.300000	104.227977
0.310000	105.871013
0.320000	103.581842
0.330000	104.244776
0.340000	109.148085
0.350000	105.494051
0.360000	102.973303
0.370000	107.333867
0.380000	108.893111
0.390000	107.069893
0.400000	107.251475
0.410000	104.516148
0.420000	103.253675
0.430000	107.812619
0.440000	103.052895
0.450000	109.670233
0.460000	106.297170
0.470000	105.560244
0.480000	108.102990
0.490000	107.669033
0.500000	105.267273
0.510000	108.990301
0.520000	105.046895
0.530000	104.476752
0.540000	105.026697
0.550000	106.933507
0.560000	106.976302
0.570000	108.419758
0.580000	103.442856
0.590000	105.871813
0.600000	107.307669
0.610000	104.638136
0.620000	104.646135
0.630000	105.904810
0.640000	105.668433
0.650000	106.187581
0.660000	105.103890
0.670000	108.406159
0.680000	106.093791
0.690000	106.578342
0.700000	104.389361
0.710000	105.712829
0.720000	103.546645
0.730000	103.661834
0.740000	105.552845
0.750000	107.060094
0.760000	106.665333
0.770000	104.595340
0.780000	103.685831
0.790000	106.813919
0.800000	107.030497
0.810000	107.059894
0.820000	104.308569
0.830000	104.468953
0.840000	109.815818
0.850000	106.511749
0.860000	106.297770
0.870000	107.181082
0.880000	106.991701
0.890000	105.588241
0.900000	104.414559
0.910000	105.004500
0.920000	106.600740
0.930000	105.753025
0.940000	104.115388
0.950000	105.906209
0.960000	107.615638
0.970000	106.643736
0.980000	104.392961
0.990000	104.561144
1.000000	104.062394
1.010000	106.905109
1.020000	108.625137
1.030000	108.080392
1.040000	106.208179
1.050000	107.365863
1.060000	108.743526
1.070000	106.376162
1.080000	104.364964
1.090000	103.825617
1.100000	108.138986
1.110000	108.309369
1.120000	107.436856
1.130000	105.281472
1.140000	105.923008
1.150000	106.281172
1.160000	105.154485
1.170000	106.373363
1.180000	102.674133
1.190000	106.852915
1.200000	107.951805
1.210000	104.759124
1.220000	107.306669
1.230000	105.966403
1.240000	104.084392
1.250000	104.009199
1.260000	107.439456
1.270000	105.319468
1.280000	107.600640
1.290000	106.113789
1.300000	104.005000
1.310000	106.768523
1.320000	107.096490
1.330000	106.467553
1.340000	106.835716
1.350000	105.766223
1.360000	105.520448
1.370000	104.950505
1.380000	105.630437
1.390000	105.091491
1.400000	106.466353
1.410000	105.216878
1.420000	103.790421
1.430000	106.194981
1.440000	108.738926
1.450000	106.179182
1.460000	105.736826
1.470000	103.717028
1.480000	105.372663
1.490000	105.849015
1.500000	108.935506
1.510000	106.752525
1.520000	108.517148
1.530000	107.580042
1.540000	105.851815
1.550000	106.401360
1.560000	108.677732
1.570000	105.237476
1.580000	107.997000
1.590000	107.318068
1.600000	106.418358
1.610000	107.563444
1.620000	104.343766
1.630000	104.948305
1.640000	105.593241
1.650000	108.107989
1.660000	105.914209
1.670000	104.774523
1.680000	107.184882
1.690000	109.485851
1.700000	106.561944
1.710000	106.285371
1.720000	104.270973
1.730000	107.263474
1.740000	107.166683
1.750000	107.556044
1.760000	107.766423
1.770000	106.068993
1.780000	104.711729
1.790000	105.079292
1.800000	106.697530
1.810000	106.017998
1.820000	104.945505
1.830000	108.131787
1.840000	104.106789
1.850000	106.279972
1.860000	104.878312
1.870000	106.162384
1.880000	106.443156
1.890000	102.707729
1.900000	107.868213
1.910000	103.629437
1.920000	105.590441
1.930000	104.177182
1.940000	105.039696
1.950000	109.386261
1.960000	105.436656
1.970000	104.122188
1.980000	105.036296
1.990000	106.781722
2.000000	106.356364
2.010000	105.440056
2.020000	108.185981
2.030000	108.606739
2.040000	107.715028
2.050000	105.653435
2.060000	106.329367
2.070000	106.126187
2.080000	105.141086
2.090000	106.606139
2.100000	103.935806
2.110000	104.921108
2.120000	105.710029
2.130000	106.627937
2.140000	109.820618
2.150000	106.317968
2.160000	106.725927
2.170000	105.197480
2.180000	107.608439
2.190000	106.654135
2.200000	106.984702
2.210000	105.077692
2.220000	105.812019
2.230000	104.228377
2.240000	105.618638
2.250000	109.221478
2.260000	104.811119
2.270000	104.261774
2.280000	103.776222
2.290000	105.476252
2.300000	105.398060
2.310000	105.704630
2.320000	106.475352
2.330000	104.660734
2.340000	106.528147
2.350000	107.179282
2.360000	106.293571
2.370000	107.921808
2.380000	103.877812
2.390000	106.227577
2.400000	107.714629
2.410000	106.267373
2.420000	106.846115
2.430000	105.247075
2.440000	109.886811
2.450000	103.960004
2.460000	107.753825
2.470000	105.396260
2.480000	107.742826
2.490000	106.512549
2.500000	104.819718
2.510000	106.980502
2.520000	107.915208
2.530000	104.837516
2.540000	108.435156
2.550000	107.623238
2.560000	108.374563
2.570000	105.792021
2.580000	105.879612
2.590000	104.500950
2.600000	107.573843
2.610000	107.499050
2.620000	105.068493
2.630000	108.358564
2.640000	105.758424
2.650000	106.817118
2.660000	105.327267
2.670000	105.364664
2.680000	106.716928
2.690000	108.700130
2.700000	105.430657
2.710000	107.152085
2.720000	106.303370
2.730000	104.692131
2.740000	107.529447
2.750000	105.823618
2.760000	106.874713
2.770000	105.875412
2.780000	106.527947
2.790000	106.213979
2.800000	106.428557
2.810000	103.378862
2.820000	105.172683
2.830000	106.336966
2.840000	104.636536
2.850000	104.525147
2.860000	106.546945
2.870000	105.997200
2.880000	106.078992
2.890000	107.274073
2.900000	106.538746
2.910000	105.279072
2.920000	109.260674
2.930000	106.710529
2.940000	103.237076
2.950000	106.413759
2.960000	105.101090
2.970000	105.171883
2.980000	103.996800
2.990000	107.912409
3.000000	105.938206
3.010000	106.999500
3.020000	107.357064
3.030000	105.952205
3.040000	107.610839
3.050000	105.601440
3.060000	106.031397
3.070000	105.133287
3.080000	105.012299
3.090000	106.522348
3.100000	105.181482
3.110000	104.812919
3.120000	104.821118
3.130000	104.891711
3.140000	104.922108
3.150000	106.651535
3.160000	104.816718
3.170000	103.148085
3.180000	107.823218
3.190000	104.691731
3.200000	106.584142
3.210000	104.510749
3.220000	104.312769
3.230000	108.280572
3.240000	107.511249
3.250000	107.014099
3.260000	105.856814
3.270000	105.230877
3.280000	106.747325
3.290000	106.723328
3.300000	106.503750
3.310000	106.681332
3.320000	105.043296
3.330000	106.642536
3.340000	105.888011
3.350000	106.061194
3.360000	108.433957
3.370000	104.759324
3.380000	106.979302
3.390000	104.502550
3.400000	107.349865
3.410000	105.716028
3.420000	104.282772
3.430000	104.396760
3.440000	106.685131
3.450000	106.296570
3.460000	106.763724
3.470000	104.138586
3.480000	108.304370
3.490000	105.666833
3.500000	107.306869
3.510000	105.070693
3.520000	106.558944
3.530000	109.501450
3.540000	103.712229
3.550000	108.367963
3.560000	105.497850
3.570000	104.726127
3.580000	106.490751
3.590000	108.613339
3.600000	106.669133
3.610000	106.610739
3.620000	105.511649
3.630000	105.430257
3.640000	106.064594
3.650000	106.393361
3.660000	102.489551
3.670000	105.818618
3.680000	106.182182
3.690000	105.544446
3.700000	104.115388
3.710000	104.100190
3.720000	105.424058
3.730000	104.757324
3.740000	103.777622
3.750000	103.507649
3.760000	106.540946
3.770000	104.574543
3.780000	105.532447
3.790000	105.501050
3.800000	103.608839
3.810000	105.010099
3.820000	104.447555
3.830000	106.696730
3.840000	106.264374
3.850000	105.388661
3.860000	105.837616
3.870000	103.597640
3.880000	102.758724
3.890000	109.149685
3.900000	104.083192
3.910000	105.118688
3.920000	103.672033
3.930000	104.805119
3.940000	109.896210
3.950000	104.211179
3.960000	104.806719
3.970000	102.650735
3.980000	104.677932
3.990000	105.985401
4.000000	104.434357
4.010000	107.916808
4.020000	104.934507
4.030000	105.352265
4.040000	103.842216
4.050000	103.419858
4.060000	105.576642
4.070000	104.503150
4.080000	107.001900
4.090000	104.243376
4.100000	105.543246
4.110000	104.189381
4.120000	105.312669
4.130000	105.690231
4.140000	104.913509
4.150000	108.048395
4.160000	105.616038
4.170000	105.384062
4.180000	105.098490
4.190000	105.657634
4.200000	104.122188
4.210000	106.370563
4.220000	105.853415
4.230000	102.353765
4.240000	108.872713
4.250000	106.577542
4.260000	103.638636
4.270000	101.394661
4.280000	105.663834
4.290000	105.338866
4.300000	106.029397
4.310000	103.869013
4.320000	107.096290
4.330000	105.744626
4.340000	105.585641
4.350000	106.888511
4.360000	104.950105
4.370000	104.558944
4.380000	102.866513
4.390000	103.964204
4.400000	104.559344
4.410000	103.568843
4.420000	103.972003
4.430000	105.455454
4.440000	103.812019
4.450000	103.605239
4.460000	105.826617
4.470000	105.720828
4.480000	105.949805
4.490000	104.245375
4.500000	104.518948
4.510000	105.843416
4.520000	105.170883
4.530000	103.252675
4.540000	106.891311
4.550000	106.450955
4.560000	103.822418
4.570000	107.210479
4.580000	104.868713
4.590000	102.348965
4.600000	105.286471
4.610000	105.380462
4.620000	105.674633
4.630000	101.593641
4.640000	102.869113
4.650000	105.802020
4.660000	108.026597
4.670000	105.856014
4.680000	104.122388
4.690000	107.350665
4.700000	104.781122
4.710000	104.566543
4.720000	106.084192
4.730000	105.149085
4.740000	106.213379
4.750000	102.919708
4.760000	103.266073
4.770000	106.004600
4.780000	103.631637
4.790000	104.861314
4.800000	102.130187
4.810000	103.391461
4.820000	104.066793
4.830000	104.127187
4.840000	103.479252
4.850000	102.533947
4.860000	105.799620
4.870000	104.478752
4.880000	106.303370
4.890000	102.733727
4.900000	106.800120
4.910000	105.394061
4.920000	106.959704
4.930000	103.477252
4.940000	102.794121
4.950000	102.483152
4.960000	106.273573
4.970000	102.758924
4.980000	105.801420
4.990000	105.804220
5.000000	102.911709
5.010000	103.833017
5.020000	103.762224
5.030000	101.188081
5.040000	103.570243
5.050000	103.971003
5.060000	105.214279
5.070000	103.375262
5.080000	103.986601
5.090000	101.835416
5.100000	103.548245
5.110000	104.958504
5.120000	103.198280
5.130000	103.097690
5.140000	100.690131
5.150000	104.092791
5.160000	103.180882
5.170000	103.363864
5.180000	101.655634
5.190000	106.037196
5.200000	102.438156
5.210000	104.298570
5.220000	105.400860
5.230000	104.613539
5.240000	101.539646
5.250000	103.658234
5.260000	103.113689
5.270000	105.483452
5.280000	104.674333
5.290000	103.571243
5.300000	102.968303
5.310000	107.658834
5.320000	105.946405
5.330000	103.851815
5.340000	102.646335
5.350000	102.765123
5.360000	105.440656
5.370000	103.496850
5.380000	105.135286
5.390000	104.851915
5.400000	105.195480
5.410000	103.816818
5.420000	103.155884
5.430000	102.998300
5.440000	104.510549
5.450000	100.750725
5.460000	102.773123
5.470000	103.488651
5.480000	102.314169
5.490000	103.087291
5.500000	103.761024
5.510000	103.802220
5.520000	102.170583
5.530000	102.268373
5.540000	102.184182
5.550000	102.283372
5.560000	105.135486
5.570000	104.392961
5.580000	104.612539
5.590000	100.667333
5.600000	101.995400
5.610000	102.717328
5.620000	102.303770
5.630000	102.662534
5.640000	105.453655
5.650000	103.836216
5.660000	103.482252
5.670000	103.762624
5.680000	101.722628
5.690000	104.365563
5.700000	103.854815
5.710000	103.396460
5.720000	104.072793
5.730000	101.591441
5.740000	103.848815
5.750000	101.618238
5.760000	104.521348
5.770000	102.863514
5.780000	104.447155
5.790000	103.774423
5.800000	103.064294
5.810000	103.576642
5.820000	105.806619
5.830000	102.064394
5.840000	103.540246
5.850000	106.975702
5.860000	104.978302
5.870000	101.365463
5.880000	104.750325
5.890000	102.706729
5.900000	104.464354
5.910000	106.293171
5.920000	101.648835
5.930000	103.021698
5.940000	101.396260
5.950000	101.425057
5.960000	101.773023
5.970000	102.366963
5.980000	102.220978
5.990000	105.094091
6.000000	103.777622
6.010000	101.404260
6.020000	101.852815
6.030000	101.048895
6.040000	101.313869
6.050000	101.251075
6.060000	104.587741
6.070000	102.627537
6.080000	104.672533
6.090000	104.506349
6.100000	103.563844
6.110000	102.645135
6.120000	101.779822
6.130000	102.360364
6.140000	102.378162
6.150000	104.621938
6.160000	102.551345
6.170000	102.078392
6.180000	102.362364
6.190000	102.866513
6.200000	101.806419
6.210000	101.506849
6.220000	105.707829
6.230000	102.865713
6.240000	105.080092
6.250000	100.995500
6.260000	103.304270
6.270000	104.172583
6.280000	106.867713
6.290000	100.754125
6.300000	99.635436
6.310000	100.631937
6.320000	101.379062
6.330000	103.202680
6.340000	102.581342
6.350000	104.023198
6.360000	104.438556
6.370000	102.972703
6.380000	103.118088
6.390000	101.403660
6.400000	101.884012
6.410000	100.095190
6.420000	104.374163
6.430000	97.825217
6.440000	104.053195
6.450000	101.728427
6.460000	101.269473
6.470000	101.979202
6.480000	102.526547
6.490000	103.133487
6.500000	102.527747
6.510000	100.973103
6.520000	103.758824
6.530000	101.947205
6.540000	102.849515
6.550000	103.152685
6.560000	101.714029
6.570000	101.418058
6.580000	104.233377
6.590000	105.256874
6.600000	104.053195
6.610000	103.651435
6.620000	102.264774
6.630000	101.265273
6.640000	100.434957
6.650000	100.322568
6.660000	102.564144
6.670000	101.442456
6.680000	101.875012
6.690000	104.903110
6.700000	102.125587
6.710000	102.681932
6.720000	101.665433
6.730000	101.400260
6.740000	101.072693
6.750000	100.253175
6.760000	100.483552
6.770000	104.579942
6.780000	103.795620
6.790000	102.238976
6.800000	101.449055
6.810000	102.114589
6.820000	102.802720
6.830000	100.581342
6.840000	103.332267
6.850000	104.857114
6.860000	101.570043
6.870000	102.743126
6.880000	101.324268
6.890000	103.217078
6.900000	101.786621
6.910000	99.440856
6.920000	101.657234
6.930000	100.769723
6.940000	102.494151
6.950000	103.099090
6.960000	102.869513
6.970000	104.242376
6.980000	102.708529
6.990000	99.599040
7.000000	103.305069
7.010000	100.401960
7.020000	102.049795
7.030000	103.152685
7.040000	103.249475
7.050000	100.133387
7.060000	103.361464
7.070000	103.339666
7.080000	104.231177
7.090000	101.548045
7.100000	99.486451
7.110000	100.738526
7.120000	101.214479
7.130000	99.019698
7.140000	100.342766
7.150000	99.036496
7.160000	100.590341
7.170000	102.677732
7.180000	102.847115
7.190000	101.369263
7.200000	101.630437
7.210000	102.687731
7.220000	100.887311
7.230000	100.245975
7.240000	102.852515
7.250000	102.583742
7.260000	102.029397
7.270000	102.782322
7.280000	100.714529
7.290000	100.237976
7.300000	100.229377
7.310000	101.978402
7.320000	99.719828
7.330000	100.386561
7.340000	103.060894
7.350000	100.676732
7.360000	101.487451
7.370000	102.619538
7.380000	99.857014
7.390000	101.058494
7.400000	100.837116
7.410000	103.513849
7.420000	102.396560
7.430000	102.721128
7.440000	103.268673
7.450000	101.880612
7.460000	101.984602
7.470000	102.533747
7.480000	100.678532
7.490000	101.685031
7.500000	102.624738
7.510000	103.942606
7.520000	102.634937
7.530000	102.476152
7.540000	99.836816
7.550000	101.799620
7.560000	99.467253
7.570000	100.525947
7.580000	101.593241
7.590000	104.212979
7.600000	100.636336
7.610000	103.182282
7.620000	99.909609
7.630000	105.336666
7.640000	101.334067
7.650000	104.209979
7.660000	101.141286
7.670000	101.792021
7.680000	101.043896
7.690000	100.600340
7.700000	101.747825
7.710000	101.682832
7.720000	101.708229
7.730000	102.213179
7.740000	103.978202
7.750000	100.000600
7.760000	102.877112
7.770000	98.748325
7.780000	102.156784
7.790000	100.001600
7.800000	100.397160
7.810000	103.474053
7.820000	101.012099
7.830000	103.359864
7.840000	100.075992
7.850000	103.368263
7.860000	98.876312
7.870000	99.847215
7.880000	102.779722
7.890000	101.439456
7.900000	100.750125
7.910000	101.647435
7.920000	102.817718
7.930000	101.229677
7.940000	101.055294
7.950000	101.844416
7.960000	98.633137
7.970000	101.331067
7.980000	102.618538
7.990000	101.115488
8.000000	102.310169
8.010000	100.159584
8.020000	102.636736
8.030000	103.730227
8.040000	98.596540
8.050000	103.379062
8.060000	100.995700
8.070000	101.532847
8.080000	103.239676
8.090000	102.379762
8.100000	100.891111
8.110000	101.073493
8.120000	101.784222
8.130000	102.283172
8.140000	101.398460
8.150000	100.665533
8.160000	102.652735
8.170000	101.646635
8.180000	99.358664
8.190000	99.100890
8.200000	102.119788
8.210000	101.181682
8.220000	101.704030
8.230000	102.085991
8.240000	102.866713
8.250000	103.863414
8.260000	101.402260
8.270000	106.100190
8.280000	100.944906
8.290000	102.336966
8.300000	104.340366
8.310000	99.749425
8.320000	100.210779
8.330000	102.284372
8.340000	98.994701
8.350000	101.509049
8.360000	101.706629
8.370000	100.019998
8.380000	100.450755
8.390000	101.557044
8.400000	103.011699
8.410000	100.598140
8.420000	101.162684
8.430000	99.123688
8.440000	103.859014
8.450000	101.653835
8.460000	101.049095
8.470000	101.496050
8.480000	101.058694
8.490000	100.363764
8.500000	101.695230
8.510000	99.078892
8.520000	101.138086
8.530000	100.452955
8.540000	101.149485
8.550000	103.080692
8.560000	103.009099
8.570000	100.429157
8.580000	101.160084
8.590000	100.339966
8.600000	101.324068
8.610000	103.196680
8.620000	100.921508
8.630000	100.683732
8.640000	102.090191
8.650000	103.072493
8.660000	99.517648
8.670000	101.924808
8.680000	101.849815
8.690000	100.041396
8.700000	99.530447
8.710000	102.479752
8.720000	99.440656
8.730000	100.855514
8.740000	102.432157
8.750000	101.371463
8.760000	102.369763
8.770000	104.393961
8.780000	101.119488
8.790000	101.638236
8.800000	100.035796
8.810000	101.925807
8.820000	99.330467
8.830000	98.995900
8.840000	103.054895
8.850000	102.372163
8.860000	101.150085
8.870000	98.461554
8.880000	102.471753
8.890000	101.962804
8.900000	100.076792
8.910000	100.638536
8.920000	98.339766
8.930000	101.330867
8.940000	99.894411
8.950000	103.375462
8.960000	100.759524
8.970000	104.398960
8.980000	104.642736
8.990000	100.488351
9.000000	100.395760
9.010000	101.753025
9.020000	102.829917
9.030000	100.737326
9.040000	100.484152
9.050000	101.432857
9.060000	99.646235
9.070000	101.820418
9.080000	102.978702
9.090000	99.801420
9.100000	99.540846
9.110000	100.572943
9.120000	104.499150
9.130000	101.876612
9.140000	102.728927
9.150000	96.471953
9.160000	101.415258
9.170000	100.324968
9.180000	103.494451
9.190000	104.088791
9.200000	101.939806
9.210000	101.879212
9.220000	100.438156
9.230000	99.938606
9.240000	102.077392
9.250000	102.228377
9.260000	99.486651
9.270000	101.734627
9.280000	102.037796
9.290000	101.620038
9.300000	100.410759
9.310000	102.902310
9.320000	101.629837
9.330000	98.295570
9.340000	101.118688
9.350000	101.438456
9.360000	101.270873
9.370000	101.622438
9.380000	103.721028
9.390000	99.250275
9.400000	102.540946
9.410000	100.214179
9.420000	102.805719
9.430000	100.331967
9.440000	100.783522
9.450000	99.357464
9.460000	101.179082
9.470000	101.494851
9.480000	103.034297
9.490000	100.492551
9.500000	101.170883
9.510000	99.994801
9.520000	102.420758
9.530000	101.675432
9.540000	101.849815
9.550000	100.008399
9.560000	103.587841
9.570000	103.203880
9.580000	100.147585
9.590000	102.436156
9.600000	102.077392
9.610000	102.464154
9.620000	101.637036
9.630000	102.524148
9.640000	103.347265
9.650000	105.689631
9.660000	102.126987
9.670000	100.138986
9.680000	101.686831
9.690000	105.578442
9.700000	101.392261
9.710000	103.956604
9.720000	100.780922
9.730000	100.683332
9.740000	101.834217
9.750000	102.291171
9.760000	99.865613
9.770000	102.439556
9.780000	100.636336
9.790000	99.909209
9.800000	101.459454
9.810000	99.193481
9.820000	99.647235
9.830000	103.894811
9.840000	101.126087
9.850000	102.442356
9.860000	100.809319
9.870000	100.612539
9.880000	101.640036
9.890000	101.253475
9.900000	99.129087
9.910000	100.756924
9.920000	100.996700
9.930000	102.204780
9.940000	102.369763
9.950000	102.246575
9.960000	100.009399
9.970000	102.945305
9.980000	100.464754
9.990000	102.155384
10.000000	100.606539
