0.000000	68.922108
0.001000	72.376362
0.002000	68.837716
0.003000	70.579142
0.004000	69.782022
0.005000	69.593041
0.006000	68.462354
0.007000	68.572143
0.008000	68.343766
0.009000	70.371763
0.010000	66.572743
0.011000	68.277572
0.012000	68.403360
0.013000	68.310769
0.014000	66.025597
0.015000	67.606639
0.016000	68.014999
0.017000	67.890611
0.018000	68.431157
0.019000	66.461154
0.020000	66.343766
0.021000	65.148885
0.022000	66.442556
0.023000	65.721828
0.024000	65.822218
0.025000	66.146185
0.026000	64.693531
0.027000	66.136786
0.028000	65.850015
0.029000	64.415358
0.030000	65.904010
0.031000	64.737926
0.032000	65.548645
0.033000	65.337866
0.034000	65.604640
0.035000	64.833717
0.036000	65.207079
0.037000	64.295970
0.038000	63.556244
0.039000	63.727027
0.040000	63.992601
0.041000	64.072793
0.042000	62.291771
0.043000	62.771523
0.044000	63.267673
0.045000	63.400660
0.046000	61.014899
0.047000	62.233177
0.048000	63.628637
0.049000	61.406259
0.050000	62.594741
0.051000	62.127187
0.052000	61.120688
0.053000	62.170983
0.054000	61.996400
0.055000	62.682332
0.056000	61.841016
0.057000	61.101490
0.058000	61.299870
0.059000	61.316668
0.060000	59.242476
0.061000	59.727627
0.062000	61.777022
0.063000	59.741626
0.064000	61.018698
0.065000	59.426857
0.066000	60.583942
0.067000	59.844816
0.068000	60.732927
0.069000	60.141186
0.070000	60.894511
0.071000	59.662834
0.072000	58.669333
0.073000	58.996700
0.074000	59.800220
0.075000	58.238176
0.076000	58.870113
0.077000	57.453855
0.078000	57.515048
0.079000	59.607239
0.080000	58.025197
0.081000	58.611339
0.082000	56.982502
0.083000	58.767123
0.084000	58.342366
0.085000	58.537346
0.086000	56.181782
0.087000	57.828817
0.088000	57.515048
0.089000	57.102490
0.090000	56.425957
0.091000	56.722928
0.092000	57.766223
0.093000	56.557544
0.094000	56.574743
0.095000	56.044796
0.096000	56.576542
0.097000	56.881312
0.098000	55.420058
0.099000	56.335366
0.100000	56.086591
0.101000	55.077092
0.102000	56.219378
0.103000	57.166483
0.104000	55.118888
0.105000	53.520848
0.106000	56.031397
0.107000	55.125087
0.108000	53.793221
0.109000	55.045495
0.110000	53.375062
0.111000	54.968703
0.112000	55.234077
0.113000	53.406259
0.114000	54.586941
0.115000	55.043696
0.116000	53.556444
0.117000	53.999000
0.118000	52.765523
0.119000	53.653835
0.120000	54.608739
0.121000	53.883412
0.122000	53.789821
0.123000	54.239576
0.124000	53.188081
0.125000	51.904210
0.126000	52.731727
0.127000	52.033397
0.128000	52.787721
0.129000	51.130487
0.130000	52.929507
0.131000	53.220678
0.132000	53.002500
0.133000	52.215778
0.134000	52.009799
0.135000	52.079592
0.136000	51.498050
0.137000	51.892611
0.138000	51.404860
0.139000	51.155484
0.140000	50.920708
0.141000	51.405859
0.142000	50.875112
0.143000	50.778322
0.144000	51.301070
0.145000	50.898510
0.146000	50.891711
0.147000	49.654635
0.148000	50.355164
0.149000	50.424958
0.150000	50.023198
0.151000	48.595540
0.152000	50.461154
0.153000	50.338166
0.154000	49.106289
0.155000	50.205579
0.156000	49.221878
0.157000	49.130287
0.158000	49.108489
0.159000	49.645435
0.160000	49.500650
0.161000	48.619738
0.162000	48.943106
0.163000	49.094091
0.164000	48.066993
0.165000	48.343766
0.166000	48.369563
0.167000	48.059994
0.168000	47.026897
0.169000	48.462354
0.170000	48.302570
0.171000	48.365163
0.172000	47.617438
0.173000	47.337266
0.174000	47.393861
0.175000	47.153685
0.176000	47.783822
0.177000	46.550545
0.178000	47.494851
0.179000	46.286371
0.180000	47.882212
0.181000	47.440456
0.182000	47.378062
0.183000	47.106089
0.184000	47.281472
0.185000	46.087991
0.186000	45.992601
0.187000	46.790321
0.188000	46.083192
0.189000	46.668533
0.190000	46.203980
0.191000	46.792521
0.192000	46.268573
0.193000	46.084792
0.194000	45.870213
0.195000	46.087191
0.196000	45.218678
0.197000	45.796220
0.198000	45.736826
0.199000	45.021498
0.200000	44.615338
0.201000	45.350465
0.202000	45.301870
0.203000	45.267273
0.204000	44.613939
0.205000	44.887111
0.206000	43.816818
0.207000	44.458554
0.208000	44.500950
0.209000	43.779022
0.210000	45.075292
0.211000	44.391761
0.212000	43.527647
0.213000	44.014399
0.214000	44.947705
0.215000	43.921008
0.216000	43.860814
0.217000	43.918408
0.218000	44.089391
0.219000	44.068993
0.220000	43.581042
0.221000	43.633037
0.222000	42.988101
0.223000	43.505449
0.224000	43.214079
0.225000	43.141886
0.226000	42.788921
0.227000	42.984102
0.228000	43.150285
0.229000	42.642336
0.230000	42.135586
0.231000	42.287971
0.232000	42.824318
0.233000	42.717128
0.234000	42.428757
0.235000	42.114589
0.236000	41.705229
0.237000	42.499350
0.238000	43.345265
0.239000	41.772623
0.240000	41.846415
0.241000	41.678632
0.242000	41.878012
0.243000	41.646835
0.244000	41.312869
0.245000	41.058094
0.246000	40.990301
0.247000	40.963304
0.248000	40.770723
0.249000	42.196380
0.250000	41.444456
0.251000	41.537846
0.252000	40.772923
0.253000	40.683132
0.254000	40.628537
0.255000	41.342466
0.256000	40.629337
0.257000	40.389161
0.258000	40.764324
0.259000	39.957604
0.260000	40.910109
0.261000	41.209079
0.262000	40.068593
0.263000	40.921108
0.264000	39.979602
0.265000	40.271573
0.266000	39.865813
0.267000	39.707429
0.268000	39.841416
0.269000	40.017998
0.270000	39.971003
0.271000	39.245875
0.272000	40.239376
0.273000	39.478252
0.274000	39.372663
0.275000	39.410459
0.276000	39.387661
0.277000	39.472253
0.278000	39.639636
0.279000	38.866113
0.280000	39.263274
0.281000	38.328167
0.282000	39.991801
0.283000	39.284072
0.284000	38.551345
0.285000	39.286671
0.286000	38.459954
0.287000	38.823318
0.288000	39.152685
0.289000	38.711729
0.290000	38.997100
0.291000	38.329367
0.292000	38.574143
0.293000	38.426757
0.294000	38.005999
0.295000	38.065393
0.296000	38.189581
0.297000	38.582742
0.298000	38.319368
0.299000	37.795020
0.300000	38.238576
0.301000	37.623838
0.302000	37.761424
0.303000	38.001800
0.304000	38.358964
0.305000	37.683832
0.306000	37.661434
0.307000	36.769523
0.308000	37.273073
0.309000	38.206979
0.310000	37.364864
0.311000	36.883712
0.312000	36.496750
0.313000	37.117488
0.314000	37.536646
0.315000	37.521648
0.316000	37.130087
0.317000	36.930707
0.318000	37.053295
0.319000	36.414759
0.320000	36.776722
0.321000	36.931907
0.322000	35.793221
0.323000	36.759924
0.324000	36.075992
0.325000	35.990001
0.326000	35.915808
0.327000	36.026997
0.328000	35.371063
0.329000	36.412159
0.330000	36.551545
0.331000	36.073793
0.332000	35.272473
0.333000	36.172983
0.334000	35.711629
0.335000	35.462454
0.336000	35.480852
0.337000	35.683832
0.338000	35.431657
0.339000	35.952405
0.340000	35.307869
0.341000	35.879612
0.342000	36.052995
0.343000	36.566743
0.344000	35.054495
0.345000	35.339066
0.346000	35.422058
0.347000	35.405059
0.348000	34.960704
0.349000	35.510049
0.350000	34.878712
0.351000	35.046095
0.352000	35.465653
0.353000	35.213679
0.354000	34.946905
0.355000	35.099490
0.356000	34.733927
0.357000	34.571143
0.358000	34.620738
0.359000	34.476352
0.360000	34.362364
0.361000	34.574143
0.362000	34.485951
0.363000	35.111289
0.364000	33.744626
0.365000	34.497150
0.366000	34.306369
0.367000	34.438956
0.368000	34.314569
0.369000	34.771923
0.370000	33.688231
0.371000	34.002600
0.372000	33.748425
0.373000	33.747425
0.374000	34.124188
0.375000	33.652435
0.376000	33.830817
0.377000	33.551045
0.378000	33.324668
0.379000	33.353065
0.380000	33.100890
0.381000	33.929007
0.382000	33.493251
0.383000	33.943206
0.384000	33.600640
0.385000	33.395660
0.386000	33.161284
0.387000	33.034297
0.388000	33.571843
0.389000	32.753325
0.390000	32.774323
0.391000	33.414659
0.392000	33.078492
0.393000	33.478052
0.394000	33.448255
0.395000	32.715728
0.396000	32.919708
0.397000	32.599340
0.398000	32.588941
0.399000	33.168283
0.400000	33.622438
0.401000	32.890311
0.402000	33.417058
0.403000	32.807319
0.404000	32.366963
0.405000	32.317768
0.406000	33.433057
0.407000	33.177282
0.408000	32.261174
0.409000	32.734327
0.410000	32.226377
0.411000	32.582342
0.412000	31.859614
0.413000	32.281172
0.414000	32.278772
0.415000	32.852315
0.416000	32.292771
0.417000	32.019598
0.418000	32.268373
0.419000	32.401360
0.420000	32.618138
0.421000	31.959004
0.422000	32.561344
0.423000	31.694631
0.424000	31.989001
0.425000	32.661734
0.426000	32.407959
0.427000	31.957404
0.428000	32.200380
0.429000	31.809619
0.430000	31.906009
0.431000	31.763424
0.432000	31.901610
0.433000	31.954205
0.434000	31.918608
0.435000	32.148385
0.436000	32.161784
0.437000	31.725027
0.438000	31.675832
0.439000	32.013199
0.440000	31.966603
0.441000	31.778822
0.442000	31.439656
0.443000	31.492251
0.444000	31.739226
0.445000	31.618838
0.446000	30.829917
0.447000	31.077892
0.448000	30.940106
0.449000	31.593441
0.450000	31.580242
0.451000	31.268873
0.452000	31.437856
0.453000	31.369863
0.454000	31.719628
0.455000	31.154885
0.456000	31.144086
0.457000	31.452255
0.458000	30.852915
0.459000	31.375462
0.460000	31.662434
0.461000	30.627737
0.462000	31.216478
0.463000	31.105889
0.464000	30.737526
0.465000	30.874113
0.466000	30.769123
0.467000	30.968903
0.468000	30.828517
0.469000	31.310069
0.470000	31.087291
0.471000	30.952905
0.472000	30.814919
0.473000	30.704130
0.474000	31.067693
0.475000	31.116888
0.476000	31.280272
0.477000	30.970503
0.478000	30.614339
0.479000	30.695930
0.480000	31.231077
0.481000	31.083292
0.482000	31.181282
0.483000	31.471453
0.484000	30.722528
0.485000	30.831317
0.486000	31.050695
0.487000	30.581742
0.488000	30.478352
0.489000	31.069893
0.490000	30.858714
0.491000	31.577042
0.492000	30.881912
0.493000	31.692831
0.494000	30.428757
0.495000	30.723328
0.496000	30.540346
0.497000	31.170083
0.498000	30.748525
0.499000	31.345265
0.500000	30.315168
0.501000	31.013899
0.502000	30.403760
0.503000	30.524548
0.504000	30.067193
0.505000	29.564644
0.506000	29.799220
0.507000	0.787421
0.508000	0.005099
0.509000	0.005099
0.510000	29.580842
0.511000	28.704530
0.512000	28.705329
0.513000	29.208279
0.514000	28.979302
0.515000	28.867113
0.516000	6.791521
0.517000	13.451655
0.518000	0.005099
0.519000	0.005099
0.520000	0.005099
0.521000	0.005099
0.522000	9.776522
0.523000	0.005099
0.524000	0.005099
0.525000	1.750625
0.526000	2.190081
0.527000	0.005099
0.528000	0.005099
0.529000	0.005099
0.530000	0.005099
0.531000	0.005099
0.532000	0.005099
0.533000	0.090491
0.534000	0.005099
0.535000	0.005099
0.536000	0.005099
0.537000	0.005099
0.538000	0.005099
0.539000	0.005099
0.540000	0.005099
0.541000	0.005099
0.542000	0.005099
0.543000	0.005099
0.544000	0.005099
0.545000	0.005099
0.546000	0.005099
0.547000	0.005099
0.548000	0.005099
0.549000	0.005099
0.550000	0.005099
0.551000	0.005099
0.552000	0.005099
0.553000	0.005099
0.554000	0.005099
0.555000	0.005099
0.556000	0.005099
0.557000	0.005099
0.558000	0.005099
0.559000	0.005099
0.560000	0.005099
0.561000	0.005099
0.562000	0.005099
0.563000	0.005099
0.564000	0.005099
0.565000	0.005099
0.566000	0.005099
0.567000	0.005099
0.568000	0.005099
0.569000	0.005099
0.570000	0.005099
0.571000	0.005099
0.572000	0.005099
0.573000	0.005099
0.574000	0.005099
0.575000	0.005099
0.576000	0.005099
0.577000	0.005099
0.578000	0.005099
0.579000	0.005099
0.580000	0.005099
0.581000	0.005099
0.582000	0.005099
0.583000	0.005099
0.584000	0.005099
0.585000	0.005099
0.586000	0.005099
0.587000	0.005099
0.588000	0.005099
0.589000	0.005099
0.590000	0.005099
0.591000	0.005099
0.592000	0.005099
0.593000	0.005099
0.594000	0.005099
0.595000	0.005099
0.596000	0.005099
0.597000	0.005099
0.598000	0.005099
0.599000	0.005099
0.600000	0.005099
0.601000	0.005099
0.602000	0.005099
0.603000	0.005099
0.604000	0.005099
0.605000	0.005099
0.606000	0.005099
0.607000	0.005099
0.608000	0.005099
0.609000	0.005099
0.610000	0.005099
0.611000	0.005099
0.612000	0.005099
0.613000	0.005099
0.614000	0.005099
0.615000	0.005099
0.616000	0.005099
0.617000	0.005099
0.618000	0.005099
0.619000	0.005099
0.620000	0.005099
0.621000	0.005099
0.622000	0.005099
0.623000	0.005099
0.624000	0.005099
0.625000	0.005099
0.626000	0.005099
0.627000	0.005099
0.628000	0.005099
0.629000	0.005099
0.630000	0.005099
0.631000	0.005099
0.632000	0.005099
0.633000	0.005099
0.634000	0.005099
0.635000	0.005099
0.636000	0.005099
0.637000	0.005099
0.638000	0.005099
0.639000	0.005099
0.640000	0.005099
0.641000	0.005099
0.642000	0.005099
0.643000	0.005099
0.644000	0.005099
0.645000	0.005099
0.646000	0.005099
0.647000	0.005099
0.648000	0.005099
0.649000	0.005099
0.650000	0.005099
0.651000	0.005099
0.652000	0.005099
0.653000	0.005099
0.654000	0.005099
0.655000	0.005099
0.656000	0.005099
0.657000	0.005099
0.658000	0.005099
0.659000	0.005099
0.660000	0.005099
0.661000	0.005099
0.662000	0.005099
0.663000	0.005099
0.664000	0.005099
0.665000	0.005099
0.666000	0.005099
0.667000	0.005099
0.668000	0.005099
0.669000	0.005099
0.670000	0.005099
0.671000	0.005099
0.672000	0.005099
0.673000	0.005099
0.674000	0.005099
0.675000	0.005099
0.676000	0.005099
0.677000	0.005099
0.678000	0.005099
0.679000	0.005099
0.680000	0.005099
0.681000	0.005099
0.682000	0.005099
0.683000	0.005099
0.684000	0.005099
0.685000	0.005099
0.686000	0.005099
0.687000	0.005099
0.688000	0.005099
0.689000	0.005099
0.690000	0.005099
0.691000	0.005099
0.692000	0.005099
0.693000	0.005099
0.694000	0.005099
0.695000	0.005099
0.696000	0.005099
0.697000	0.005099
0.698000	0.005099
0.699000	0.005099
0.700000	0.005099
0.701000	0.005099
0.702000	0.005099
0.703000	0.005099
0.704000	0.005099
0.705000	0.005099
0.706000	0.005099
0.707000	0.005099
0.708000	0.005099
0.709000	0.005099
0.710000	0.005099
0.711000	0.005099
0.712000	0.005099
0.713000	0.005099
0.714000	0.005099
0.715000	0.005099
0.716000	0.005099
0.717000	0.005099
0.718000	0.005099
0.719000	0.005099
0.720000	0.005099
0.721000	0.005099
0.722000	0.005099
0.723000	0.005099
0.724000	0.005099
0.725000	0.005099
0.726000	0.005099
0.727000	0.005099
0.728000	0.005099
0.729000	0.005099
0.730000	0.005099
0.731000	0.005099
0.732000	0.005099
0.733000	0.005099
0.734000	0.005099
0.735000	0.005099
0.736000	0.005099
0.737000	0.005099
0.738000	0.005099
0.739000	0.005099
0.740000	0.005099
0.741000	0.005099
0.742000	0.005099
0.743000	0.005099
0.744000	0.005099
0.745000	0.005099
0.746000	0.005099
0.747000	0.005099
0.748000	0.005099
0.749000	0.005099
0.750000	0.005099
0.751000	0.005099
0.752000	0.005099
0.753000	0.005099
0.754000	0.005099
0.755000	0.005099
0.756000	0.005099
0.757000	0.005099
0.758000	0.005099
0.759000	0.005099
0.760000	0.005099
0.761000	0.005099
0.762000	0.005099
0.763000	0.005099
0.764000	0.005099
0.765000	0.005099
0.766000	0.005099
0.767000	0.005099
0.768000	0.005099
0.769000	0.005099
0.770000	0.005099
0.771000	0.005099
0.772000	0.005099
0.773000	0.005099
0.774000	0.005099
0.775000	0.005099
0.776000	0.005099
0.777000	0.005099
0.778000	0.005099
0.779000	0.005099
0.780000	0.005099
0.781000	0.005099
0.782000	0.005099
0.783000	0.005099
0.784000	0.005099
0.785000	0.005099
0.786000	0.005099
0.787000	0.005099
0.788000	0.005099
0.789000	0.005099
0.790000	0.005099
0.791000	0.005099
0.792000	0.005099
0.793000	0.005099
0.794000	0.005099
0.795000	0.005099
0.796000	0.005099
0.797000	0.005099
0.798000	0.005099
0.799000	0.005099
0.800000	0.005099
0.801000	0.005099
0.802000	0.005099
0.803000	0.005099
0.804000	0.005099
0.805000	0.005099
0.806000	0.005099
0.807000	0.005099
0.808000	0.005099
0.809000	0.005099
0.810000	0.005099
0.811000	0.005099
0.812000	0.005099
0.813000	0.005099
0.814000	0.005099
0.815000	0.005099
0.816000	0.005099
0.817000	0.005099
0.818000	0.005099
0.819000	0.005099
0.820000	0.005099
0.821000	0.005099
0.822000	0.005099
0.823000	0.005099
0.824000	0.005099
0.825000	0.005099
0.826000	0.005099
0.827000	0.005099
0.828000	0.005099
0.829000	0.005099
0.830000	0.005099
0.831000	0.005099
0.832000	0.005099
0.833000	0.005099
0.834000	0.005099
0.835000	0.005099
0.836000	0.005099
0.837000	0.005099
0.838000	0.005099
0.839000	0.005099
0.840000	0.005099
0.841000	0.005099
0.842000	0.005099
0.843000	0.005099
0.844000	0.005099
0.845000	0.005099
0.846000	0.005099
0.847000	0.005099
0.848000	0.005099
0.849000	0.005099
0.850000	0.005099
0.851000	0.005099
0.852000	0.005099
0.853000	0.005099
0.854000	0.005099
0.855000	0.005099
0.856000	0.005099
0.857000	0.005099
0.858000	0.005099
0.859000	0.005099
0.860000	0.005099
0.861000	0.005099
0.862000	0.005099
0.863000	0.005099
0.864000	0.005099
0.865000	0.005099
0.866000	0.005099
0.867000	0.005099
0.868000	0.005099
0.869000	0.005099
0.870000	0.005099
0.871000	0.005099
0.872000	0.005099
0.873000	0.005099
0.874000	0.005099
0.875000	0.005099
0.876000	0.005099
0.877000	0.005099
0.878000	0.005099
0.879000	0.005099
0.880000	0.005099
0.881000	0.005099
0.882000	0.005099
0.883000	0.005099
0.884000	0.005099
0.885000	0.005099
0.886000	0.005099
0.887000	0.005099
0.888000	0.005099
0.889000	0.005099
0.890000	0.005099
0.891000	0.005099
0.892000	0.005099
0.893000	0.005099
0.894000	0.005099
0.895000	0.005099
0.896000	0.005099
0.897000	0.005099
0.898000	0.005099
0.899000	0.005099
0.900000	0.005099
0.901000	0.005099
0.902000	0.005099
0.903000	0.005099
0.904000	0.005099
0.905000	0.005099
0.906000	0.005099
0.907000	0.005099
0.908000	0.005099
0.909000	0.005099
0.910000	0.005099
0.911000	0.005099
0.912000	0.005099
0.913000	0.005099
0.914000	0.005099
0.915000	0.005099
0.916000	0.005099
0.917000	0.005099
0.918000	0.005099
0.919000	0.005099
0.920000	0.005099
0.921000	0.005099
0.922000	0.005099
0.923000	0.005099
0.924000	0.005099
0.925000	0.005099
0.926000	0.005099
0.927000	0.005099
0.928000	0.005099
0.929000	0.005099
0.930000	0.005099
0.931000	0.005099
0.932000	0.005099
0.933000	0.005099
0.934000	0.005099
0.935000	0.005099
0.936000	0.005099
0.937000	0.005099
0.938000	0.005099
0.939000	0.005099
0.940000	0.005099
0.941000	0.005099
0.942000	0.005099
0.943000	0.005099
0.944000	0.005099
0.945000	0.005099
0.946000	0.005099
0.947000	0.005099
0.948000	0.005099
0.949000	0.005099
0.950000	0.005099
0.951000	0.005099
0.952000	0.005099
0.953000	0.005099
0.954000	0.005099
0.955000	0.005099
0.956000	0.005099
0.957000	0.005099
0.958000	0.005099
0.959000	0.005099
0.960000	0.005099
0.961000	0.005099
0.962000	0.005099
0.963000	0.005099
0.964000	0.005099
0.965000	0.005099
0.966000	0.005099
0.967000	0.005099
0.968000	0.005099
0.969000	0.005099
0.970000	0.005099
0.971000	0.005099
0.972000	0.005099
0.973000	0.005099
0.974000	0.005099
0.975000	0.005099
0.976000	0.005099
0.977000	0.005099
0.978000	0.005099
0.979000	0.005099
0.980000	0.005099
0.981000	0.005099
0.982000	0.005099
0.983000	0.005099
0.984000	0.005099
0.985000	0.005099
0.986000	0.005099
0.987000	0.005099
0.988000	0.005099
0.989000	0.005099
0.990000	0.005099
0.991000	0.005099
0.992000	0.005099
0.993000	0.005099
0.994000	0.005099
0.995000	0.005099
0.996000	0.005099
0.997000	0.005099
0.998000	0.005099
0.999000	0.005099
1.000000	0.005099
1.001000	0.005099
1.002000	0.005099
1.003000	0.005099
1.004000	0.005099
1.005000	0.005099
1.006000	0.005099
1.007000	0.005099
1.008000	0.005099
1.009000	0.005099
1.010000	0.005099
1.011000	0.005099
1.012000	0.005099
1.013000	0.005099
1.014000	0.005099
1.015000	0.005099
1.016000	0.005099
1.017000	0.005099
1.018000	0.005099
1.019000	0.005099
1.020000	0.005099
1.021000	0.005099
1.022000	0.005099
1.023000	0.005099
1.024000	0.005099
1.025000	0.005099
1.026000	0.005099
1.027000	0.005099
1.028000	0.005099
1.029000	0.005099
1.030000	0.005099
1.031000	0.005099
1.032000	0.005099
1.033000	0.005099
1.034000	0.005099
1.035000	0.005099
1.036000	0.005099
1.037000	0.005099
1.038000	0.005099
1.039000	0.005099
1.040000	0.005099
1.041000	0.005099
1.042000	0.005099
1.043000	0.005099
1.044000	0.005099
1.045000	0.005099
1.046000	0.005099
1.047000	0.005099
1.048000	0.005099
1.049000	0.005099
1.050000	0.005099
1.051000	0.005099
1.052000	0.005099
1.053000	0.005099
1.054000	0.005099
1.055000	0.005099
1.056000	0.005099
1.057000	0.005099
1.058000	0.005099
1.059000	0.005099
1.060000	0.005099
1.061000	0.005099
1.062000	0.005099
1.063000	0.005099
1.064000	0.005099
1.065000	0.005099
1.066000	0.005099
1.067000	0.005099
1.068000	0.005099
1.069000	0.005099
1.070000	0.005099
1.071000	0.005099
1.072000	0.005099
1.073000	0.005099
1.074000	0.005099
1.075000	0.005099
1.076000	0.005099
1.077000	0.005099
1.078000	0.005099
1.079000	0.005099
1.080000	0.005099
1.081000	0.005099
1.082000	0.005099
1.083000	0.005099
1.084000	0.005099
1.085000	0.005099
1.086000	0.005099
1.087000	0.005099
1.088000	0.005099
1.089000	0.005099
1.090000	0.005099
1.091000	0.005099
1.092000	0.005099
1.093000	0.005099
1.094000	0.005099
1.095000	0.005099
1.096000	0.005099
1.097000	0.005099
1.098000	0.005099
1.099000	0.005099
1.100000	0.005099
1.101000	0.005099
1.102000	0.005099
1.103000	0.005099
1.104000	0.005099
1.105000	0.005099
1.106000	0.005099
1.107000	0.005099
1.108000	0.005099
1.109000	0.005099
1.110000	0.005099
1.111000	0.005099
1.112000	0.005099
1.113000	0.005099
1.114000	0.005099
1.115000	0.005099
1.116000	0.005099
1.117000	0.005099
1.118000	0.005099
1.119000	0.005099
1.120000	0.005099
1.121000	0.005099
1.122000	0.005099
1.123000	0.005099
1.124000	0.005099
1.125000	0.005099
1.126000	0.005099
1.127000	0.005099
1.128000	0.005099
1.129000	0.005099
1.130000	0.005099
1.131000	0.005099
1.132000	0.005099
1.133000	0.005099
1.134000	0.005099
1.135000	0.005099
1.136000	0.005099
1.137000	0.005099
1.138000	0.005099
1.139000	0.005099
1.140000	0.005099
1.141000	0.005099
1.142000	0.005099
1.143000	0.005099
1.144000	0.005099
1.145000	0.005099
1.146000	0.005099
1.147000	0.005099
1.148000	0.005099
1.149000	0.005099
1.150000	0.005099
1.151000	0.005099
1.152000	0.005099
1.153000	0.005099
1.154000	0.005099
1.155000	0.005099
1.156000	0.005099
1.157000	0.005099
1.158000	0.005099
1.159000	0.005099
1.160000	0.005099
1.161000	0.005099
1.162000	0.005099
1.163000	0.005099
1.164000	0.005099
1.165000	0.005099
1.166000	0.005099
1.167000	0.005099
1.168000	0.005099
1.169000	0.005099
1.170000	0.005099
1.171000	0.005099
1.172000	0.005099
1.173000	0.005099
1.174000	0.005099
1.175000	0.005099
1.176000	0.005099
1.177000	0.005099
1.178000	0.005099
1.179000	0.005099
1.180000	0.005099
1.181000	0.005099
1.182000	0.005099
1.183000	0.005099
1.184000	0.005099
1.185000	0.005099
1.186000	0.005099
1.187000	0.005099
1.188000	0.005099
1.189000	0.005099
1.190000	0.005099
1.191000	0.005099
1.192000	0.005099
1.193000	0.005099
1.194000	0.005099
1.195000	0.005099
1.196000	0.005099
1.197000	0.005099
1.198000	0.005099
1.199000	0.005099
1.200000	0.005099
1.201000	0.005099
1.202000	0.005099
1.203000	0.005099
1.204000	0.005099
1.205000	0.005099
1.206000	0.005099
1.207000	0.005099
1.208000	0.005099
1.209000	0.005099
1.210000	0.005099
1.211000	0.005099
1.212000	0.005099
1.213000	0.005099
1.214000	0.005099
1.215000	0.005099
1.216000	0.005099
1.217000	0.005099
1.218000	0.005099
1.219000	0.005099
1.220000	0.005099
1.221000	0.005099
1.222000	0.005099
1.223000	0.005099
1.224000	0.005099
1.225000	0.005099
1.226000	0.005099
1.227000	0.005099
1.228000	0.005099
1.229000	0.005099
1.230000	0.005099
1.231000	0.005099
1.232000	0.005099
1.233000	0.005099
1.234000	0.005099
1.235000	0.005099
1.236000	0.005099
1.237000	0.005099
1.238000	0.005099
1.239000	0.005099
1.240000	0.005099
1.241000	0.005099
1.242000	0.005099
1.243000	0.005099
1.244000	0.005099
1.245000	0.005099
1.246000	0.005099
1.247000	0.005099
1.248000	0.005099
1.249000	0.005099
1.250000	0.005099
1.251000	0.005099
1.252000	0.005099
1.253000	0.005099
1.254000	0.005099
1.255000	0.005099
1.256000	0.005099
1.257000	0.005099
1.258000	0.005099
1.259000	0.005099
1.260000	0.005099
1.261000	0.005099
1.262000	0.005099
1.263000	0.005099
1.264000	0.005099
1.265000	0.005099
1.266000	0.005099
1.267000	0.005099
1.268000	0.005099
1.269000	0.005099
1.270000	0.005099
1.271000	0.005099
1.272000	0.005099
1.273000	0.005099
1.274000	0.005099
1.275000	0.005099
1.276000	0.005099
1.277000	0.005099
1.278000	0.005099
1.279000	0.005099
1.280000	0.005099
1.281000	0.005099
1.282000	0.005099
1.283000	0.005099
1.284000	0.005099
1.285000	0.005099
1.286000	0.005099
1.287000	0.005099
1.288000	0.005099
1.289000	0.005099
1.290000	0.005099
1.291000	0.005099
1.292000	0.005099
1.293000	0.005099
1.294000	0.005099
1.295000	0.005099
1.296000	0.005099
1.297000	0.005099
1.298000	0.005099
1.299000	0.005099
1.300000	0.005099
1.301000	0.005099
1.302000	0.005099
1.303000	0.005099
1.304000	0.005099
1.305000	0.005099
1.306000	0.005099
1.307000	0.005099
1.308000	0.005099
1.309000	0.005099
1.310000	0.005099
1.311000	0.005099
1.312000	0.005099
1.313000	0.005099
1.314000	0.005099
1.315000	0.005099
1.316000	0.005099
1.317000	0.005099
1.318000	0.005099
1.319000	0.005099
1.320000	0.005099
1.321000	0.005099
1.322000	0.005099
1.323000	0.005099
1.324000	0.005099
1.325000	0.005099
1.326000	0.005099
1.327000	0.005099
1.328000	0.005099
1.329000	0.005099
1.330000	0.005099
1.331000	0.005099
1.332000	0.005099
1.333000	0.005099
1.334000	0.005099
1.335000	0.005099
1.336000	0.005099
1.337000	0.005099
1.338000	0.005099
1.339000	0.005099
1.340000	0.005099
1.341000	0.005099
1.342000	0.005099
1.343000	0.005099
1.344000	0.005099
1.345000	0.005099
1.346000	0.005099
1.347000	0.005099
1.348000	0.005099
1.349000	0.005099
1.350000	0.005099
1.351000	0.005099
1.352000	0.005099
1.353000	0.005099
1.354000	0.005099
1.355000	0.005099
1.356000	0.005099
1.357000	0.005099
1.358000	0.005099
1.359000	0.005099
1.360000	0.005099
1.361000	0.005099
1.362000	0.005099
1.363000	0.005099
1.364000	0.005099
1.365000	0.005099
1.366000	0.005099
1.367000	0.005099
1.368000	0.005099
1.369000	0.005099
1.370000	0.005099
1.371000	0.005099
1.372000	0.005099
1.373000	0.005099
1.374000	0.005099
1.375000	0.005099
1.376000	0.005099
1.377000	0.005099
1.378000	0.005099
1.379000	0.005099
1.380000	0.005099
1.381000	0.005099
1.382000	0.005099
1.383000	0.005099
1.384000	0.005099
1.385000	0.005099
1.386000	0.005099
1.387000	0.005099
1.388000	0.005099
1.389000	0.005099
1.390000	0.005099
1.391000	0.005099
1.392000	0.005099
1.393000	0.005099
1.394000	0.005099
1.395000	0.005099
1.396000	0.005099
1.397000	0.005099
1.398000	0.005099
1.399000	0.005099
1.400000	0.005099
1.401000	0.005099
1.402000	0.005099
1.403000	0.005099
1.404000	0.005099
1.405000	0.005099
1.406000	0.005099
1.407000	0.005099
1.408000	0.005099
1.409000	0.005099
1.410000	0.005099
1.411000	0.005099
1.412000	0.005099
1.413000	0.005099
1.414000	0.005099
1.415000	0.005099
1.416000	0.005099
1.417000	0.005099
1.418000	0.005099
1.419000	0.005099
1.420000	0.005099
1.421000	0.005099
1.422000	0.005099
1.423000	0.005099
1.424000	0.005099
1.425000	0.005099
1.426000	0.005099
1.427000	0.005099
1.428000	0.005099
1.429000	0.005099
1.430000	0.005099
1.431000	0.005099
1.432000	0.005099
1.433000	0.005099
1.434000	0.005099
1.435000	0.005099
1.436000	0.005099
1.437000	0.005099
1.438000	0.005099
1.439000	0.005099
1.440000	0.005099
1.441000	0.005099
1.442000	0.005099
1.443000	0.005099
1.444000	0.005099
1.445000	0.005099
1.446000	0.005099
1.447000	0.005099
1.448000	0.005099
1.449000	0.005099
1.450000	0.005099
1.451000	0.005099
1.452000	0.005099
1.453000	0.005099
1.454000	0.005099
1.455000	0.005099
1.456000	0.005099
1.457000	0.005099
1.458000	0.005099
1.459000	0.005099
1.460000	0.005099
1.461000	0.005099
1.462000	0.005099
1.463000	0.005099
1.464000	0.005099
1.465000	0.005099
1.466000	0.005099
1.467000	0.005099
1.468000	0.005099
1.469000	0.005099
1.470000	0.005099
1.471000	0.005099
1.472000	0.005099
1.473000	0.005099
1.474000	0.005099
1.475000	0.005099
1.476000	0.005099
1.477000	0.005099
1.478000	0.005099
1.479000	0.005099
1.480000	0.005099
1.481000	0.005099
1.482000	0.005099
1.483000	0.005099
1.484000	0.005099
1.485000	0.005099
1.486000	0.005099
1.487000	0.005099
1.488000	0.005099
1.489000	0.005099
1.490000	0.005099
1.491000	0.005099
1.492000	0.005099
1.493000	0.005099
1.494000	0.005099
1.495000	0.005099
1.496000	0.005099
1.497000	0.005099
1.498000	0.005099
1.499000	0.005099
1.500000	0.005099
1.501000	0.005099
1.502000	0.005099
1.503000	0.005099
1.504000	0.005099
1.505000	0.005099
1.506000	0.005099
1.507000	0.005099
1.508000	0.005099
1.509000	0.005099
1.510000	0.005099
1.511000	0.005099
1.512000	0.005099
1.513000	0.005099
1.514000	0.005099
1.515000	0.005099
1.516000	0.005099
1.517000	0.005099
1.518000	0.005099
1.519000	0.005099
1.520000	0.005099
1.521000	0.005099
1.522000	0.005099
1.523000	0.005099
1.524000	0.005099
1.525000	0.005099
1.526000	0.005099
1.527000	0.005099
1.528000	0.005099
1.529000	0.005099
1.530000	0.005099
1.531000	0.005099
1.532000	0.005099
1.533000	0.005099
1.534000	0.005099
1.535000	0.005099
1.536000	0.005099
1.537000	0.005099
1.538000	0.005099
1.539000	0.005099
1.540000	0.005099
1.541000	0.005099
1.542000	0.005099
1.543000	0.005099
1.544000	0.005099
1.545000	0.005099
1.546000	0.005099
1.547000	0.005099
1.548000	0.005099
1.549000	0.005099
1.550000	0.005099
1.551000	0.005099
1.552000	0.005099
1.553000	0.005099
1.554000	0.005099
1.555000	0.005099
1.556000	0.005099
1.557000	0.005099
1.558000	0.005099
1.559000	0.005099
1.560000	0.005099
1.561000	0.005099
1.562000	0.005099
1.563000	0.005099
1.564000	0.005099
1.565000	0.005099
1.566000	0.005099
1.567000	0.005099
1.568000	0.005099
1.569000	0.005099
1.570000	0.005099
1.571000	0.005099
1.572000	0.005099
1.573000	0.005099
1.574000	0.005099
1.575000	0.005099
1.576000	0.005099
1.577000	0.005099
1.578000	0.005099
1.579000	0.005099
1.580000	0.005099
1.581000	0.005099
1.582000	0.005099
1.583000	0.005099
1.584000	0.005099
1.585000	0.005099
1.586000	0.005099
1.587000	0.005099
1.588000	0.005099
1.589000	0.005099
1.590000	0.005099
1.591000	0.005099
1.592000	0.005099
1.593000	0.005099
1.594000	0.005099
1.595000	0.005099
1.596000	0.005099
1.597000	0.005099
1.598000	0.005099
1.599000	0.005099
1.600000	0.005099
1.601000	0.005099
1.602000	0.005099
1.603000	0.005099
1.604000	0.005099
1.605000	0.005099
1.606000	0.005099
1.607000	0.005099
1.608000	0.005099
1.609000	0.005099
1.610000	0.005099
1.611000	0.005099
1.612000	0.005099
1.613000	0.005099
1.614000	0.005099
1.615000	0.005099
1.616000	0.005099
1.617000	0.005099
1.618000	0.005099
1.619000	0.005099
1.620000	0.005099
1.621000	0.005099
1.622000	0.005099
1.623000	0.005099
1.624000	0.005099
1.625000	0.005099
1.626000	0.005099
1.627000	0.005099
1.628000	0.005099
1.629000	0.005099
1.630000	0.005099
1.631000	0.005099
1.632000	0.005099
1.633000	0.005099
1.634000	0.005099
1.635000	0.005099
1.636000	0.005099
1.637000	0.005099
1.638000	0.005099
1.639000	0.005099
1.640000	0.005099
1.641000	0.005099
1.642000	0.005099
1.643000	0.005099
1.644000	0.005099
1.645000	0.005099
1.646000	0.005099
1.647000	0.005099
1.648000	0.005099
1.649000	0.005099
1.650000	0.005099
1.651000	0.005099
1.652000	0.005099
1.653000	0.005099
1.654000	0.005099
1.655000	0.005099
1.656000	0.005099
1.657000	0.005099
1.658000	0.005099
1.659000	0.005099
1.660000	0.005099
1.661000	0.005099
1.662000	0.005099
1.663000	0.005099
1.664000	0.005099
1.665000	0.005099
1.666000	0.005099
1.667000	0.005099
1.668000	0.005099
1.669000	0.005099
1.670000	0.005099
1.671000	0.005099
1.672000	0.005099
1.673000	0.005099
1.674000	0.005099
1.675000	0.005099
1.676000	0.005099
1.677000	0.005099
1.678000	0.005099
1.679000	0.005099
1.680000	0.005099
1.681000	0.005099
1.682000	0.005099
1.683000	0.005099
1.684000	0.005099
1.685000	0.005099
1.686000	0.005099
1.687000	0.005099
1.688000	0.005099
1.689000	0.005099
1.690000	0.005099
1.691000	0.005099
1.692000	0.005099
1.693000	0.005099
1.694000	0.005099
1.695000	0.005099
1.696000	0.005099
1.697000	0.005099
1.698000	0.005099
1.699000	0.005099
1.700000	0.005099
1.701000	0.005099
1.702000	0.005099
1.703000	0.005099
1.704000	0.005099
1.705000	0.005099
1.706000	0.005099
1.707000	0.005099
1.708000	0.005099
1.709000	0.005099
1.710000	0.005099
1.711000	0.005099
1.712000	0.005099
1.713000	0.005099
1.714000	0.005099
1.715000	0.005099
1.716000	0.005099
1.717000	0.005099
1.718000	0.005099
1.719000	0.005099
1.720000	0.005099
1.721000	0.005099
1.722000	0.005099
1.723000	0.005099
1.724000	0.005099
1.725000	0.005099
1.726000	0.005099
1.727000	0.005099
1.728000	0.005099
1.729000	0.005099
1.730000	0.005099
1.731000	0.005099
1.732000	0.005099
1.733000	0.005099
1.734000	0.005099
1.735000	0.005099
1.736000	0.005099
1.737000	0.005099
1.738000	0.005099
1.739000	0.005099
1.740000	0.005099
1.741000	0.005099
1.742000	0.005099
1.743000	0.005099
1.744000	0.005099
1.745000	0.005099
1.746000	0.005099
1.747000	0.005099
1.748000	0.005099
1.749000	0.005099
1.750000	0.005099
1.751000	0.005099
1.752000	0.005099
1.753000	0.005099
1.754000	0.005099
1.755000	0.005099
1.756000	0.005099
1.757000	0.005099
1.758000	0.005099
1.759000	0.005099
1.760000	0.005099
1.761000	0.005099
1.762000	0.005099
1.763000	0.005099
1.764000	0.005099
1.765000	0.005099
1.766000	0.005099
1.767000	0.005099
1.768000	0.005099
1.769000	0.005099
1.770000	0.005099
1.771000	0.005099
1.772000	0.005099
1.773000	0.005099
1.774000	0.005099
1.775000	0.005099
1.776000	0.005099
1.777000	0.005099
1.778000	0.005099
1.779000	0.005099
1.780000	0.005099
1.781000	0.005099
1.782000	0.005099
1.783000	0.005099
1.784000	0.005099
1.785000	0.005099
1.786000	0.005099
1.787000	0.005099
1.788000	0.005099
1.789000	0.005099
1.790000	0.005099
1.791000	0.005099
1.792000	0.005099
1.793000	0.005099
1.794000	0.005099
1.795000	0.005099
1.796000	0.005099
1.797000	0.005099
1.798000	0.005099
1.799000	0.005099
1.800000	0.005099
1.801000	0.005099
1.802000	0.005099
1.803000	0.005099
1.804000	0.005099
1.805000	0.005099
1.806000	0.005099
1.807000	0.005099
1.808000	0.005099
1.809000	0.005099
1.810000	0.005099
1.811000	0.005099
1.812000	0.005099
1.813000	0.005099
1.814000	0.005099
1.815000	0.005099
1.816000	0.005099
1.817000	0.005099
1.818000	0.005099
1.819000	0.005099
1.820000	0.005099
1.821000	0.005099
1.822000	0.005099
1.823000	0.005099
1.824000	0.005099
1.825000	0.005099
1.826000	0.005099
1.827000	0.005099
1.828000	0.005099
1.829000	0.005099
1.830000	0.005099
1.831000	0.005099
1.832000	0.005099
1.833000	0.005099
1.834000	0.005099
1.835000	0.005099
1.836000	0.005099
1.837000	0.005099
1.838000	0.005099
1.839000	0.005099
1.840000	0.005099
1.841000	0.005099
1.842000	0.005099
1.843000	0.005099
1.844000	0.005099
1.845000	0.005099
1.846000	0.005099
1.847000	0.005099
1.848000	0.005099
1.849000	0.005099
1.850000	0.005099
1.851000	0.005099
1.852000	0.005099
1.853000	0.005099
1.854000	0.005099
1.855000	0.005099
1.856000	0.005099
1.857000	0.005099
1.858000	0.005099
1.859000	0.005099
1.860000	0.005099
1.861000	0.005099
1.862000	0.005099
1.863000	0.005099
1.864000	0.005099
1.865000	0.005099
1.866000	0.005099
1.867000	0.005099
1.868000	0.005099
1.869000	0.005099
1.870000	0.005099
1.871000	0.005099
1.872000	0.005099
1.873000	0.005099
1.874000	0.005099
1.875000	0.005099
1.876000	0.005099
1.877000	0.005099
1.878000	0.005099
1.879000	0.005099
1.880000	0.005099
1.881000	0.005099
1.882000	0.005099
1.883000	0.005099
1.884000	0.005099
1.885000	0.005099
1.886000	0.005099
1.887000	0.005099
1.888000	0.005099
1.889000	0.005099
1.890000	0.005099
1.891000	0.005099
1.892000	0.005099
1.893000	0.005099
1.894000	0.005099
1.895000	0.005099
1.896000	0.005099
1.897000	0.005099
1.898000	0.005099
1.899000	0.005099
1.900000	0.005099
1.901000	0.005099
1.902000	0.005099
1.903000	0.005099
1.904000	0.005099
1.905000	0.005099
1.906000	0.005099
1.907000	0.005099
1.908000	0.005099
1.909000	0.005099
1.910000	0.005099
1.911000	0.005099
1.912000	0.005099
1.913000	0.005099
1.914000	0.005099
1.915000	0.005099
1.916000	0.005099
1.917000	0.005099
1.918000	0.005099
1.919000	0.005099
1.920000	0.005099
1.921000	0.005099
1.922000	0.005099
1.923000	0.005099
1.924000	0.005099
1.925000	0.005099
1.926000	0.005099
1.927000	0.005099
1.928000	0.005099
1.929000	0.005099
1.930000	0.005099
1.931000	0.005099
1.932000	0.005099
1.933000	0.005099
1.934000	0.005099
1.935000	0.005099
1.936000	0.005099
1.937000	0.005099
1.938000	0.005099
1.939000	0.005099
1.940000	0.005099
1.941000	0.005099
1.942000	0.005099
1.943000	0.005099
1.944000	0.005099
1.945000	0.005099
1.946000	0.005099
1.947000	0.005099
1.948000	0.005099
1.949000	0.005099
1.950000	0.005099
1.951000	0.005099
1.952000	0.005099
1.953000	0.005099
1.954000	0.005099
1.955000	0.005099
1.956000	0.005099
1.957000	0.005099
1.958000	0.005099
1.959000	0.005099
1.960000	0.005099
1.961000	0.005099
1.962000	0.005099
1.963000	0.005099
1.964000	0.005099
1.965000	0.005099
1.966000	0.005099
1.967000	0.005099
1.968000	0.005099
1.969000	0.005099
1.970000	0.005099
1.971000	0.005099
1.972000	0.005099
1.973000	0.005099
1.974000	0.005099
1.975000	0.005099
1.976000	0.005099
1.977000	0.005099
1.978000	0.005099
1.979000	0.005099
1.980000	0.005099
1.981000	0.005099
1.982000	0.005099
1.983000	0.005099
1.984000	0.005099
1.985000	0.005099
1.986000	0.005099
1.987000	0.005099
1.988000	0.005099
1.989000	0.005099
1.990000	0.005099
1.991000	0.005099
1.992000	0.005099
1.993000	0.005099
1.994000	0.005099
1.995000	0.005099
1.996000	0.005099
1.997000	0.005099
1.998000	0.005099
1.999000	0.005099
2.000000	0.005099
2.001000	0.005099
2.002000	0.005099
2.003000	0.005099
2.004000	0.005099
2.005000	0.005099
2.006000	0.005099
2.007000	0.005099
2.008000	0.005099
2.009000	0.005099
2.010000	0.005099
2.011000	0.005099
2.012000	0.005099
2.013000	0.005099
2.014000	0.005099
2.015000	0.005099
2.016000	0.005099
2.017000	0.005099
2.018000	0.005099
2.019000	0.005099
2.020000	0.005099
2.021000	0.005099
2.022000	0.005099
2.023000	0.005099
2.024000	0.005099
2.025000	0.005099
2.026000	0.005099
2.027000	0.005099
2.028000	0.005099
2.029000	0.005099
2.030000	0.005099
2.031000	0.005099
2.032000	0.005099
2.033000	0.005099
2.034000	0.005099
2.035000	0.005099
2.036000	0.005099
2.037000	0.005099
2.038000	0.005099
2.039000	0.005099
2.040000	0.005099
2.041000	0.005099
2.042000	0.005099
2.043000	0.005099
2.044000	0.005099
2.045000	0.005099
2.046000	0.005099
2.047000	0.005099
2.048000	0.005099
2.049000	0.005099
2.050000	0.005099
2.051000	0.005099
2.052000	0.005099
2.053000	0.005099
2.054000	0.005099
2.055000	0.005099
2.056000	0.005099
2.057000	0.005099
2.058000	0.005099
2.059000	0.005099
2.060000	0.005099
2.061000	0.005099
2.062000	0.005099
2.063000	0.005099
2.064000	0.005099
2.065000	0.005099
2.066000	0.005099
2.067000	0.005099
2.068000	0.005099
2.069000	0.005099
2.070000	0.005099
2.071000	0.005099
2.072000	0.005099
2.073000	0.005099
2.074000	0.005099
2.075000	0.005099
2.076000	0.005099
2.077000	0.005099
2.078000	0.005099
2.079000	0.005099
2.080000	0.005099
2.081000	0.005099
2.082000	0.005099
2.083000	0.005099
2.084000	0.005099
2.085000	0.005099
2.086000	0.005099
2.087000	0.005099
2.088000	0.005099
2.089000	0.005099
2.090000	0.005099
2.091000	0.005099
2.092000	0.005099
2.093000	0.005099
2.094000	0.005099
2.095000	0.005099
2.096000	0.005099
2.097000	0.005099
2.098000	0.005099
2.099000	0.005099
2.100000	0.005099
2.101000	0.005099
2.102000	0.005099
2.103000	0.005099
2.104000	0.005099
2.105000	0.005099
2.106000	0.005099
2.107000	0.005099
2.108000	0.005099
2.109000	0.005099
2.110000	0.005099
2.111000	0.005099
2.112000	0.005099
2.113000	0.005099
2.114000	0.005099
2.115000	0.005099
2.116000	0.005099
2.117000	0.005099
2.118000	0.005099
2.119000	0.005099
2.120000	0.005099
2.121000	0.005099
2.122000	0.005099
2.123000	0.005099
2.124000	0.005099
2.125000	0.005099
2.126000	0.005099
2.127000	0.005099
2.128000	0.005099
2.129000	0.005099
2.130000	0.005099
2.131000	0.005099
2.132000	0.005099
2.133000	0.005099
2.134000	0.005099
2.135000	0.005099
2.136000	0.005099
2.137000	0.005099
2.138000	0.005099
2.139000	0.005099
2.140000	0.005099
2.141000	0.005099
2.142000	0.005099
2.143000	0.005099
2.144000	0.005099
2.145000	0.005099
2.146000	0.005099
2.147000	0.005099
2.148000	0.005099
2.149000	0.005099
2.150000	0.005099
2.151000	0.005099
2.152000	0.005099
2.153000	0.005099
2.154000	0.005099
2.155000	0.005099
2.156000	0.005099
2.157000	0.005099
2.158000	0.005099
2.159000	0.005099
2.160000	0.005099
2.161000	0.005099
2.162000	0.005099
2.163000	0.005099
2.164000	0.005099
2.165000	0.005099
2.166000	0.005099
2.167000	0.005099
2.168000	0.005099
2.169000	0.005099
2.170000	0.005099
2.171000	0.005099
2.172000	0.005099
2.173000	0.005099
2.174000	0.005099
2.175000	0.005099
2.176000	0.005099
2.177000	0.005099
2.178000	0.005099
2.179000	0.005099
2.180000	0.005099
2.181000	0.005099
2.182000	0.005099
2.183000	0.005099
2.184000	0.005099
2.185000	0.005099
2.186000	0.005099
2.187000	0.005099
2.188000	0.005099
2.189000	0.005099
2.190000	0.005099
2.191000	0.005099
2.192000	0.005099
2.193000	0.005099
2.194000	0.005099
2.195000	0.005099
2.196000	0.005099
2.197000	0.005099
2.198000	0.005099
2.199000	0.005099
2.200000	0.005099
2.201000	0.005099
2.202000	0.005099
2.203000	0.005099
2.204000	0.005099
2.205000	0.005099
2.206000	0.005099
2.207000	0.005099
2.208000	0.005099
2.209000	0.005099
2.210000	0.005099
2.211000	0.005099
2.212000	0.005099
2.213000	0.005099
2.214000	0.005099
2.215000	0.005099
2.216000	0.005099
2.217000	0.005099
2.218000	0.005099
2.219000	0.005099
2.220000	0.005099
2.221000	0.005099
2.222000	0.005099
2.223000	0.005099
2.224000	0.005099
2.225000	0.005099
2.226000	0.005099
2.227000	0.005099
2.228000	0.005099
2.229000	0.005099
2.230000	0.005099
2.231000	0.005099
2.232000	0.005099
2.233000	0.005099
2.234000	0.005099
2.235000	0.005099
2.236000	0.005099
2.237000	0.005099
2.238000	0.005099
2.239000	0.005099
2.240000	0.005099
2.241000	0.005099
2.242000	0.005099
2.243000	0.005099
2.244000	0.005099
2.245000	0.005099
2.246000	0.005099
2.247000	0.005099
2.248000	0.005099
2.249000	0.005099
2.250000	0.005099
2.251000	0.005099
2.252000	0.005099
2.253000	0.005099
2.254000	0.005099
2.255000	0.005099
2.256000	0.005099
2.257000	0.005099
2.258000	0.005099
2.259000	0.005099
2.260000	0.005099
2.261000	0.005099
2.262000	0.005099
2.263000	0.005099
2.264000	0.005099
2.265000	0.005099
2.266000	0.005099
2.267000	0.005099
2.268000	0.005099
2.269000	0.005099
2.270000	0.005099
2.271000	0.005099
2.272000	0.005099
2.273000	0.005099
2.274000	0.005099
2.275000	0.005099
2.276000	0.005099
2.277000	0.005099
2.278000	0.005099
2.279000	0.005099
2.280000	0.005099
2.281000	0.005099
2.282000	0.005099
2.283000	0.005099
2.284000	0.005099
2.285000	0.005099
2.286000	0.005099
2.287000	0.005099
2.288000	0.005099
2.289000	0.005099
2.290000	0.005099
2.291000	0.005099
2.292000	0.005099
2.293000	0.005099
2.294000	0.005099
2.295000	0.005099
2.296000	0.005099
2.297000	0.005099
2.298000	0.005099
2.299000	0.005099
2.300000	0.005099
2.301000	0.005099
2.302000	0.005099
2.303000	0.005099
2.304000	0.005099
2.305000	0.005099
2.306000	0.005099
2.307000	0.005099
2.308000	0.005099
2.309000	0.005099
2.310000	0.005099
2.311000	0.005099
2.312000	0.005099
2.313000	0.005099
2.314000	0.005099
2.315000	0.005099
2.316000	0.005099
2.317000	0.005099
2.318000	0.005099
2.319000	0.005099
2.320000	0.005099
2.321000	0.005099
2.322000	0.005099
2.323000	0.005099
2.324000	0.005099
2.325000	0.005099
2.326000	0.005099
2.327000	0.005099
2.328000	0.005099
2.329000	0.005099
2.330000	0.005099
2.331000	0.005099
2.332000	0.005099
2.333000	0.005099
2.334000	0.005099
2.335000	0.005099
2.336000	0.005099
2.337000	0.005099
2.338000	0.005099
2.339000	0.005099
2.340000	0.005099
2.341000	0.005099
2.342000	0.005099
2.343000	0.005099
2.344000	0.005099
2.345000	0.005099
2.346000	0.005099
2.347000	0.005099
2.348000	0.005099
2.349000	0.005099
2.350000	0.005099
2.351000	0.005099
2.352000	0.005099
2.353000	0.005099
2.354000	0.005099
2.355000	0.005099
2.356000	0.005099
2.357000	0.005099
2.358000	0.005099
2.359000	0.005099
2.360000	0.005099
2.361000	0.005099
2.362000	0.005099
2.363000	0.005099
2.364000	0.005099
2.365000	0.005099
2.366000	0.005099
2.367000	0.005099
2.368000	0.005099
2.369000	0.005099
2.370000	0.005099
2.371000	0.005099
2.372000	0.005099
2.373000	0.005099
2.374000	0.005099
2.375000	0.005099
2.376000	0.005099
2.377000	0.005099
2.378000	0.005099
2.379000	0.005099
2.380000	0.005099
2.381000	0.005099
2.382000	0.005099
2.383000	0.005099
2.384000	0.005099
2.385000	0.005099
2.386000	0.005099
2.387000	0.005099
2.388000	0.005099
2.389000	0.005099
2.390000	0.005099
2.391000	0.005099
2.392000	0.005099
2.393000	0.005099
2.394000	0.005099
2.395000	0.005099
2.396000	0.005099
2.397000	0.005099
2.398000	0.005099
2.399000	0.005099
2.400000	0.005099
2.401000	0.005099
2.402000	0.005099
2.403000	0.005099
2.404000	0.005099
2.405000	0.005099
2.406000	0.005099
2.407000	0.005099
2.408000	0.005099
2.409000	0.005099
2.410000	0.005099
2.411000	0.005099
2.412000	0.005099
2.413000	0.005099
2.414000	0.005099
2.415000	0.005099
2.416000	0.005099
2.417000	0.005099
2.418000	0.005099
2.419000	0.005099
2.420000	0.005099
2.421000	0.005099
2.422000	0.005099
2.423000	0.005099
2.424000	0.005099
2.425000	0.005099
2.426000	0.005099
2.427000	0.005099
2.428000	0.005099
2.429000	0.005099
2.430000	0.005099
2.431000	0.005099
2.432000	0.005099
2.433000	0.005099
2.434000	0.005099
2.435000	0.005099
2.436000	0.005099
2.437000	0.005099
2.438000	0.005099
2.439000	0.005099
2.440000	0.005099
2.441000	0.005099
2.442000	0.005099
2.443000	0.005099
2.444000	0.005099
2.445000	0.005099
2.446000	0.005099
2.447000	0.005099
2.448000	0.005099
2.449000	0.005099
2.450000	0.005099
2.451000	0.005099
2.452000	0.005099
2.453000	0.005099
2.454000	0.005099
2.455000	0.005099
2.456000	0.005099
2.457000	0.005099
2.458000	0.005099
2.459000	0.005099
2.460000	0.005099
2.461000	0.005099
2.462000	0.005099
2.463000	0.005099
2.464000	0.005099
2.465000	0.005099
2.466000	0.005099
2.467000	0.005099
2.468000	0.005099
2.469000	0.005099
2.470000	0.005099
2.471000	0.005099
2.472000	0.005099
2.473000	0.005099
2.474000	0.005099
2.475000	0.005099
2.476000	0.005099
2.477000	0.005099
2.478000	0.005099
2.479000	0.005099
2.480000	0.005099
2.481000	0.005099
2.482000	0.005099
2.483000	0.005099
2.484000	0.005099
2.485000	0.005099
2.486000	0.005099
2.487000	0.005099
2.488000	0.005099
2.489000	0.005099
2.490000	0.005099
2.491000	0.005099
2.492000	0.005099
2.493000	0.005099
2.494000	0.005099
2.495000	0.005099
2.496000	0.005099
2.497000	0.005099
2.498000	0.005099
2.499000	0.005099
2.500000	0.005099
2.501000	0.005099
2.502000	0.005099
2.503000	0.005099
2.504000	0.005099
2.505000	0.005099
2.506000	0.005099
2.507000	0.005099
2.508000	0.005099
2.509000	0.005099
2.510000	0.005099
2.511000	0.005099
2.512000	0.005099
2.513000	0.005099
2.514000	0.005099
2.515000	0.005099
2.516000	0.005099
2.517000	0.005099
2.518000	0.005099
2.519000	0.005099
2.520000	0.005099
2.521000	0.005099
2.522000	0.005099
2.523000	0.005099
2.524000	0.005099
2.525000	0.005099
2.526000	0.005099
2.527000	0.005099
2.528000	0.005099
2.529000	0.005099
2.530000	0.005099
2.531000	0.005099
2.532000	0.005099
2.533000	0.005099
2.534000	0.005099
2.535000	0.005099
2.536000	0.005099
2.537000	0.005099
2.538000	0.005099
2.539000	0.005099
2.540000	0.005099
2.541000	0.005099
2.542000	0.005099
2.543000	0.005099
2.544000	0.005099
2.545000	0.005099
2.546000	0.005099
2.547000	0.005099
2.548000	0.005099
2.549000	0.005099
2.550000	0.005099
2.551000	0.005099
2.552000	0.005099
2.553000	0.005099
2.554000	0.005099
2.555000	0.005099
2.556000	0.005099
2.557000	0.005099
2.558000	0.005099
2.559000	0.005099
2.560000	0.005099
2.561000	0.005099
2.562000	0.005099
2.563000	0.005099
2.564000	0.005099
2.565000	0.005099
2.566000	0.005099
2.567000	0.005099
2.568000	0.005099
2.569000	0.005099
2.570000	0.005099
2.571000	0.005099
2.572000	0.005099
2.573000	0.005099
2.574000	0.005099
2.575000	0.005099
2.576000	0.005099
2.577000	0.005099
2.578000	0.005099
2.579000	0.005099
2.580000	0.005099
2.581000	0.005099
2.582000	0.005099
2.583000	0.005099
2.584000	0.005099
2.585000	0.005099
2.586000	0.005099
2.587000	0.005099
2.588000	0.005099
2.589000	0.005099
2.590000	0.005099
2.591000	0.005099
2.592000	0.005099
2.593000	0.005099
2.594000	0.005099
2.595000	0.005099
2.596000	0.005099
2.597000	0.005099
2.598000	0.005099
2.599000	0.005099
2.600000	0.005099
2.601000	0.005099
2.602000	0.005099
2.603000	0.005099
2.604000	0.005099
2.605000	0.005099
2.606000	0.005099
2.607000	0.005099
2.608000	0.005099
2.609000	0.005099
2.610000	0.005099
2.611000	0.005099
2.612000	0.005099
2.613000	0.005099
2.614000	0.005099
2.615000	0.005099
2.616000	0.005099
2.617000	0.005099
2.618000	0.005099
2.619000	0.005099
2.620000	0.005099
2.621000	0.005099
2.622000	0.005099
2.623000	0.005099
2.624000	0.005099
2.625000	0.005099
2.626000	0.005099
2.627000	0.005099
2.628000	0.005099
2.629000	0.005099
2.630000	0.005099
2.631000	0.005099
2.632000	0.005099
2.633000	0.005099
2.634000	0.005099
2.635000	0.005099
2.636000	0.005099
2.637000	0.005099
2.638000	0.005099
2.639000	0.005099
2.640000	0.005099
2.641000	0.005099
2.642000	0.005099
2.643000	0.005099
2.644000	0.005099
2.645000	0.005099
2.646000	0.005099
2.647000	0.005099
2.648000	0.005099
2.649000	0.005099
2.650000	0.005099
2.651000	0.005099
2.652000	0.005099
2.653000	0.005099
2.654000	0.005099
2.655000	0.005099
2.656000	0.005099
2.657000	0.005099
2.658000	0.005099
2.659000	0.005099
2.660000	0.005099
2.661000	0.005099
2.662000	0.005099
2.663000	0.005099
2.664000	0.005099
2.665000	0.005099
2.666000	0.005099
2.667000	0.005099
2.668000	0.005099
2.669000	0.005099
2.670000	0.005099
2.671000	0.005099
2.672000	0.005099
2.673000	0.005099
2.674000	0.005099
2.675000	0.005099
2.676000	0.005099
2.677000	0.005099
2.678000	0.005099
2.679000	0.005099
2.680000	0.005099
2.681000	0.005099
2.682000	0.005099
2.683000	0.005099
2.684000	0.005099
2.685000	0.005099
2.686000	0.005099
2.687000	0.005099
2.688000	0.005099
2.689000	0.005099
2.690000	0.005099
2.691000	0.005099
2.692000	0.005099
2.693000	0.005099
2.694000	0.005099
2.695000	0.005099
2.696000	0.005099
2.697000	0.005099
2.698000	0.005099
2.699000	0.005099
2.700000	0.005099
2.701000	0.005099
2.702000	0.005099
2.703000	0.005099
2.704000	0.005099
2.705000	0.005099
2.706000	0.005099
2.707000	0.005099
2.708000	0.005099
2.709000	0.005099
2.710000	0.005099
2.711000	0.005099
2.712000	0.005099
2.713000	0.005099
2.714000	0.005099
2.715000	0.005099
2.716000	0.005099
2.717000	0.005099
2.718000	0.005099
2.719000	0.005099
2.720000	0.005099
2.721000	0.005099
2.722000	0.005099
2.723000	0.005099
2.724000	0.005099
2.725000	0.005099
2.726000	0.005099
2.727000	0.005099
2.728000	0.005099
2.729000	0.005099
2.730000	0.005099
2.731000	0.005099
2.732000	0.005099
2.733000	0.005099
2.734000	0.005099
2.735000	0.005099
2.736000	0.005099
2.737000	0.005099
2.738000	0.005099
2.739000	0.005099
2.740000	0.005099
2.741000	0.005099
2.742000	0.005099
2.743000	0.005099
2.744000	0.005099
2.745000	0.005099
2.746000	0.005099
2.747000	0.005099
2.748000	0.005099
2.749000	0.005099
2.750000	0.005099
2.751000	0.005099
2.752000	0.005099
2.753000	0.005099
2.754000	0.005099
2.755000	0.005099
2.756000	0.005099
2.757000	0.005099
2.758000	0.005099
2.759000	0.005099
2.760000	0.005099
2.761000	0.005099
2.762000	0.005099
2.763000	0.005099
2.764000	0.005099
2.765000	0.005099
2.766000	0.005099
2.767000	0.005099
2.768000	0.005099
2.769000	0.005099
2.770000	0.005099
2.771000	0.005099
2.772000	0.005099
2.773000	0.005099
2.774000	0.005099
2.775000	0.005099
2.776000	0.005099
2.777000	0.005099
2.778000	0.005099
2.779000	0.005099
2.780000	0.005099
2.781000	0.005099
2.782000	0.005099
2.783000	0.005099
2.784000	0.005099
2.785000	0.005099
2.786000	0.005099
2.787000	0.005099
2.788000	0.005099
2.789000	0.005099
2.790000	0.005099
2.791000	0.005099
2.792000	0.005099
2.793000	0.005099
2.794000	0.005099
2.795000	0.005099
2.796000	0.005099
2.797000	0.005099
2.798000	0.005099
2.799000	0.005099
2.800000	0.005099
2.801000	0.005099
2.802000	0.005099
2.803000	0.005099
2.804000	0.005099
2.805000	0.005099
2.806000	0.005099
2.807000	0.005099
2.808000	0.005099
2.809000	0.005099
2.810000	0.005099
2.811000	0.005099
2.812000	0.005099
2.813000	0.005099
2.814000	0.005099
2.815000	0.005099
2.816000	0.005099
2.817000	0.005099
2.818000	0.005099
2.819000	0.005099
2.820000	0.005099
2.821000	0.005099
2.822000	0.005099
2.823000	0.005099
2.824000	0.005099
2.825000	0.005099
2.826000	0.005099
2.827000	0.005099
2.828000	0.005099
2.829000	0.005099
2.830000	0.005099
2.831000	0.005099
2.832000	0.005099
2.833000	0.005099
2.834000	0.005099
2.835000	0.005099
2.836000	0.005099
2.837000	0.005099
2.838000	0.005099
2.839000	0.005099
2.840000	0.005099
2.841000	0.005099
2.842000	0.005099
2.843000	0.005099
2.844000	0.005099
2.845000	0.005099
2.846000	0.005099
2.847000	0.005099
2.848000	0.005099
2.849000	0.005099
2.850000	0.005099
2.851000	0.005099
2.852000	0.005099
2.853000	0.005099
2.854000	0.005099
2.855000	0.005099
2.856000	0.005099
2.857000	0.005099
2.858000	0.005099
2.859000	0.005099
2.860000	0.005099
2.861000	0.005099
2.862000	0.005099
2.863000	0.005099
2.864000	0.005099
2.865000	0.005099
2.866000	0.005099
2.867000	0.005099
2.868000	0.005099
2.869000	0.005099
2.870000	0.005099
2.871000	0.005099
2.872000	0.005099
2.873000	0.005099
2.874000	0.005099
2.875000	0.005099
2.876000	0.005099
2.877000	0.005099
2.878000	0.005099
2.879000	0.005099
2.880000	0.005099
2.881000	0.005099
2.882000	0.005099
2.883000	0.005099
2.884000	0.005099
2.885000	0.005099
2.886000	0.005099
2.887000	0.005099
2.888000	0.005099
2.889000	0.005099
2.890000	0.005099
2.891000	0.005099
2.892000	0.005099
2.893000	0.005099
2.894000	0.005099
2.895000	0.005099
2.896000	0.005099
2.897000	0.005099
2.898000	0.005099
2.899000	0.005099
2.900000	0.005099
2.901000	0.005099
2.902000	0.005099
2.903000	0.005099
2.904000	0.005099
2.905000	0.005099
2.906000	0.005099
2.907000	0.005099
2.908000	0.005099
2.909000	0.005099
2.910000	0.005099
2.911000	0.005099
2.912000	0.005099
2.913000	0.005099
2.914000	0.005099
2.915000	0.005099
2.916000	0.005099
2.917000	0.005099
2.918000	0.005099
2.919000	0.005099
2.920000	0.005099
2.921000	0.005099
2.922000	0.005099
2.923000	0.005099
2.924000	0.005099
2.925000	0.005099
2.926000	0.005099
2.927000	0.005099
2.928000	0.005099
2.929000	0.005099
2.930000	0.005099
2.931000	0.005099
2.932000	0.005099
2.933000	0.005099
2.934000	0.005099
2.935000	0.005099
2.936000	0.005099
2.937000	0.005099
2.938000	0.005099
2.939000	0.005099
2.940000	0.005099
2.941000	0.005099
2.942000	0.005099
2.943000	0.005099
2.944000	0.005099
2.945000	0.005099
2.946000	0.005099
2.947000	0.005099
2.948000	0.005099
2.949000	0.005099
2.950000	0.005099
2.951000	0.005099
2.952000	0.005099
2.953000	0.005099
2.954000	0.005099
2.955000	0.005099
2.956000	0.005099
2.957000	0.005099
2.958000	0.005099
2.959000	0.005099
2.960000	0.005099
2.961000	0.005099
2.962000	0.005099
2.963000	0.005099
2.964000	0.005099
2.965000	0.005099
2.966000	0.005099
2.967000	0.005099
2.968000	0.005099
2.969000	0.005099
2.970000	0.005099
2.971000	0.005099
2.972000	0.005099
2.973000	0.005099
2.974000	0.005099
2.975000	0.005099
2.976000	0.005099
2.977000	0.005099
2.978000	0.005099
2.979000	0.005099
2.980000	0.005099
2.981000	0.005099
2.982000	0.005099
2.983000	0.005099
2.984000	0.005099
2.985000	0.005099
2.986000	0.005099
2.987000	0.005099
2.988000	0.005099
2.989000	0.005099
2.990000	0.005099
2.991000	0.005099
2.992000	0.005099
2.993000	0.005099
2.994000	0.005099
2.995000	0.005099
2.996000	0.005099
2.997000	0.005099
2.998000	0.005099
2.999000	0.005099
3.000000	0.005099
